sample_id: sample_00262
dataset: simulated_fMRI
mode: latent
AUROC: 0.722293
AUPRC: 0.100221
F1: 0.000000
accuracy: 0.964844
SHD: 144
runtime_sec: 10.283697
threshold: 0.399649947882
