sample_id: sample_00280
dataset: simulated_fMRI
mode: latent
AUROC: 0.731013
AUPRC: 0.099933
F1: 0.000000
accuracy: 0.964844
SHD: 144
runtime_sec: 10.230868
threshold: 0.399649947882
