sample_id: sample_00265
dataset: simulated_EEG_68_static_v2
mode: latent
AUROC: 0.536221
AUPRC: 0.082382
F1: 0.000000
accuracy: 0.924072
SHD: 311
runtime_sec: 55.787899
threshold: 300
