sample_id: sample_00270
dataset: simulated_EEG_68_static_v2
mode: latent
AUROC: 0.793796
AUPRC: 0.250756
F1: 0.000000
accuracy: 0.924072
SHD: 311
runtime_sec: 67.277998
threshold: 0.502428174019
