sample_id: sample_00295
dataset: simulated_fMRI
mode: latent
AUROC: 0.636910
AUPRC: 0.099746
F1: 0.000000
accuracy: 0.964844
SHD: 144
runtime_sec: 0.473991
threshold: 0.0361747741699
