sample_id: sample_00265
dataset: simulated_EEG_68_static_v2
mode: latent
AUROC: 0.571997
AUPRC: 0.134114
F1: 0.000000
accuracy: 0.924072
SHD: 311
runtime_sec: 1.502985
threshold: 0.0532341003418
