sample_id: sample_00276
dataset: simulated_EEG_68_static_v2
mode: latent
AUROC: 0.796299
AUPRC: 0.255879
F1: 0.000000
accuracy: 0.924072
SHD: 311
runtime_sec: 67.258914
threshold: 0.502428174019
