sample_id: sample_00241
dataset: simulated_EEG_68_static_v2
mode: latent
AUROC: 0.555922
AUPRC: 0.087912
F1: 0.000000
accuracy: 0.924072
SHD: 311
runtime_sec: 55.608722
threshold: 300
