sample_id: sample_00289
dataset: simulated_fMRI
mode: latent
AUROC: 0.752228
AUPRC: 0.099519
F1: 0.000000
accuracy: 0.964844
SHD: 144
runtime_sec: 10.214219
threshold: 0.399649947882
