sample_id: sample_00240
dataset: simulated_EEG_68_static_v2
mode: latent
AUROC: 0.795438
AUPRC: 0.251527
F1: 0.000000
accuracy: 0.924072
SHD: 311
runtime_sec: 76.532217
threshold: 0.502428174019
