sample_id: sample_00275
dataset: simulated_EEG_68_static_v2
mode: latent
AUROC: 0.796744
AUPRC: 0.250299
F1: 0.000000
accuracy: 0.924072
SHD: 311
runtime_sec: 67.143615
threshold: 0.502428174019
