sample_id: replica_004
dataset: nc8
mode: latent
AUROC: 0.909091
AUPRC: 0.383333
F1: 0.000000
accuracy: 0.916667
SHD: 3
runtime_sec: 11.823482
threshold: 1.82443243265
