sample_id: sample_00293
dataset: simulated_fMRI
mode: latent
AUROC: 0.739223
AUPRC: 0.104881
F1: 0.000000
accuracy: 0.964844
SHD: 144
runtime_sec: 10.227079
threshold: 0.399649947882
