sample_id: sample_00263
dataset: simulated_fMRI
mode: latent
AUROC: 0.772438
AUPRC: 0.108562
F1: 0.000000
accuracy: 0.964844
SHD: 144
runtime_sec: 10.264625
threshold: 0.399649947882
