sample_id: sample_00245
dataset: simulated_EEG_68_static_v2
mode: latent
AUROC: 0.562967
AUPRC: 0.123861
F1: 0.000000
accuracy: 0.924072
SHD: 311
runtime_sec: 1.504148
threshold: 0.0532341003418
