sample_id: sample_00252
dataset: simulated_fMRI
mode: latent
AUROC: 0.660864
AUPRC: 0.078169
F1: 0.000000
accuracy: 0.964844
SHD: 144
runtime_sec: 0.553492
threshold: 0.0361747741699
