sample_id: sample_00299
dataset: simulated_fMRI
mode: latent
AUROC: 0.774970
AUPRC: 0.107458
F1: 0.000000
accuracy: 0.964844
SHD: 144
runtime_sec: 10.218556
threshold: 0.399649947882
