sample_id: sample_00266
dataset: simulated_fMRI
mode: latent
AUROC: 0.785470
AUPRC: 0.107973
F1: 0.000000
accuracy: 0.964844
SHD: 144
runtime_sec: 10.221023
threshold: 0.399649947882
