sample_id: sample_00255
dataset: simulated_fMRI
mode: latent
AUROC: 0.728272
AUPRC: 0.102713
F1: 0.000000
accuracy: 0.964844
SHD: 144
runtime_sec: 11.140916
threshold: 0.399649947882
