sample_id: sample_00250
dataset: simulated_fMRI
mode: latent
AUROC: 0.662484
AUPRC: 0.086934
F1: 0.000000
accuracy: 0.964844
SHD: 144
runtime_sec: 1.294603
threshold: 0.0361747741699
