sample_id: sample_00265
dataset: simulated_fMRI
mode: latent
AUROC: 0.635228
AUPRC: 0.090125
F1: 0.000000
accuracy: 0.964844
SHD: 144
runtime_sec: 0.544183
threshold: 0.0361747741699
