sample_id: sample_00241
dataset: simulated_EEG_68_static_v2
mode: latent
AUROC: 0.802403
AUPRC: 0.249571
F1: 0.000000
accuracy: 0.924072
SHD: 311
runtime_sec: 67.393754
threshold: 0.502428174019
