sample_id: sample_00264
dataset: simulated_fMRI
mode: latent
AUROC: 0.595913
AUPRC: 0.081721
F1: 0.000000
accuracy: 0.964844
SHD: 144
runtime_sec: 0.525228
threshold: 0.0361747741699
