sample_id: sample_00286
dataset: simulated_fMRI
mode: latent
AUROC: 0.769062
AUPRC: 0.109120
F1: 0.000000
accuracy: 0.964844
SHD: 144
runtime_sec: 10.462169
threshold: 0.399649947882
