sample_id: sample_00246
dataset: simulated_EEG_68_static_v2
mode: latent
AUROC: 0.545008
AUPRC: 0.116059
F1: 0.000000
accuracy: 0.924072
SHD: 311
runtime_sec: 1.532536
threshold: 0.0532341003418
