sample_id: sample_00250
dataset: simulated_fMRI
mode: latent
AUROC: 0.757633
AUPRC: 0.107051
F1: 0.000000
accuracy: 0.964844
SHD: 144
runtime_sec: 17.374928
threshold: 0.399649947882
