sample_id: sample_00259
dataset: simulated_EEG_68_static_v2
mode: latent
AUROC: 0.497337
AUPRC: 0.076767
F1: 0.000000
accuracy: 0.924072
SHD: 311
runtime_sec: 56.832222
threshold: 300
