sample_id: replica_000
dataset: nc8
mode: latent
AUROC: 0.939394
AUPRC: 0.680556
F1: 0.666667
accuracy: 0.944444
SHD: 2
runtime_sec: 111.766906
threshold: 15.553706646
