sample_id: sample_00266
dataset: simulated_fMRI
mode: latent
AUROC: 0.655667
AUPRC: 0.078862
F1: 0.000000
accuracy: 0.964844
SHD: 144
runtime_sec: 0.507841
threshold: 0.0361747741699
