sample_id: sample_00285
dataset: simulated_fMRI
mode: latent
AUROC: 0.616997
AUPRC: 0.065582
F1: 0.000000
accuracy: 0.964844
SHD: 144
runtime_sec: 0.474004
threshold: 0.0361747741699
