sample_id: sample_00279
dataset: simulated_fMRI
mode: latent
AUROC: 0.639211
AUPRC: 0.074973
F1: 0.000000
accuracy: 0.964844
SHD: 144
runtime_sec: 0.504567
threshold: 0.0361747741699
