sample_id: sample_00272
dataset: simulated_EEG_68_static_v2
mode: latent
AUROC: 0.570240
AUPRC: 0.122567
F1: 0.000000
accuracy: 0.924072
SHD: 311
runtime_sec: 1.503126
threshold: 0.0532341003418
