sample_id: sample_00243
dataset: simulated_EEG_68_static_v2
mode: latent
AUROC: 0.545367
AUPRC: 0.111359
F1: 0.000000
accuracy: 0.924072
SHD: 311
runtime_sec: 1.512237
threshold: 0.0532341003418
