sample_id: sample_00274
dataset: simulated_EEG_68_static_v2
mode: latent
AUROC: 0.582022
AUPRC: 0.138916
F1: 0.000000
accuracy: 0.924072
SHD: 311
runtime_sec: 1.502694
threshold: 0.0532341003418
