sample_id: sample_00288
dataset: simulated_fMRI
mode: latent
AUROC: 0.717559
AUPRC: 0.104567
F1: 0.000000
accuracy: 0.964844
SHD: 144
runtime_sec: 10.269334
threshold: 0.399649947882
