sample_id: sample_00243
dataset: simulated_EEG_68_static_v2
mode: latent
AUROC: 0.791252
AUPRC: 0.237185
F1: 0.000000
accuracy: 0.924072
SHD: 311
runtime_sec: 67.227974
threshold: 0.502428174019
