sample_id: sample_00253
dataset: simulated_EEG_68_static_v2
mode: latent
AUROC: 0.785148
AUPRC: 0.240587
F1: 0.000000
accuracy: 0.924072
SHD: 311
runtime_sec: 67.244192
threshold: 0.502428174019
