sample_id: sample_00275
dataset: simulated_EEG_68_static_v2
mode: latent
AUROC: 0.540745
AUPRC: 0.124689
F1: 0.000000
accuracy: 0.924072
SHD: 311
runtime_sec: 1.501538
threshold: 0.0532341003418
