sample_id: sample_00279
dataset: simulated_fMRI
mode: latent
AUROC: 0.739403
AUPRC: 0.100114
F1: 0.000000
accuracy: 0.964844
SHD: 144
runtime_sec: 10.213052
threshold: 0.399649947882
