sample_id: sample_00254
dataset: simulated_fMRI
mode: latent
AUROC: 0.625902
AUPRC: 0.081211
F1: 0.000000
accuracy: 0.964844
SHD: 144
runtime_sec: 0.491098
threshold: 0.0361747741699
