sample_id: sample_00258
dataset: simulated_EEG_68_static_v2
mode: latent
AUROC: 0.551603
AUPRC: 0.083323
F1: 0.000000
accuracy: 0.924072
SHD: 311
runtime_sec: 54.802937
threshold: 300
