sample_id: sample_00267
dataset: simulated_fMRI
mode: latent
AUROC: 0.757017
AUPRC: 0.109414
F1: 0.000000
accuracy: 0.964844
SHD: 144
runtime_sec: 10.252397
threshold: 0.399649947882
