sample_id: sample_00240
dataset: simulated_EEG_68_static_v2
mode: latent
AUROC: 0.700504
AUPRC: 0.219772
F1: 0.000000
accuracy: 0.924072
SHD: 311
runtime_sec: 235.920232
threshold: 1.01726317406
