sample_id: sample_00290
dataset: simulated_fMRI
mode: latent
AUROC: 0.619764
AUPRC: 0.087768
F1: 0.000000
accuracy: 0.964844
SHD: 144
runtime_sec: 0.478537
threshold: 0.0361747741699
