sample_id: sample_00273
dataset: simulated_EEG_68_static_v2
mode: latent
AUROC: 0.568089
AUPRC: 0.122185
F1: 0.000000
accuracy: 0.924072
SHD: 311
runtime_sec: 1.505334
threshold: 0.0532341003418
