sample_id: sample_00261
dataset: simulated_EEG_68_static_v2
mode: latent
AUROC: 0.564203
AUPRC: 0.133385
F1: 0.000000
accuracy: 0.924072
SHD: 311
runtime_sec: 1.624563
threshold: 0.0532341003418
