sample_id: replica_001
dataset: nc8
mode: latent
AUROC: 0.939394
AUPRC: 0.531746
F1: 0.666667
accuracy: 0.944444
SHD: 2
runtime_sec: 1540.876851
threshold: 0.0381723828614
