sample_id: sample_00277
dataset: simulated_EEG_68_static_v2
mode: latent
AUROC: 0.534771
AUPRC: 0.111489
F1: 0.000000
accuracy: 0.924072
SHD: 311
runtime_sec: 1.501572
threshold: 0.0532341003418
