sample_id: sample_00264
dataset: simulated_EEG_68_static_v2
mode: latent
AUROC: 0.507924
AUPRC: 0.075930
F1: 0.000000
accuracy: 0.924072
SHD: 311
runtime_sec: 54.154261
threshold: 300
