sample_id: sample_00271
dataset: simulated_fMRI
mode: latent
AUROC: 0.734370
AUPRC: 0.109997
F1: 0.000000
accuracy: 0.964844
SHD: 144
runtime_sec: 10.233486
threshold: 0.399649947882
