sample_id: sample_00257
dataset: simulated_EEG_68_static_v2
mode: latent
AUROC: 0.809381
AUPRC: 0.271576
F1: 0.000000
accuracy: 0.924072
SHD: 311
runtime_sec: 67.281183
threshold: 0.502428174019
