sample_id: sample_00256
dataset: simulated_fMRI
mode: latent
AUROC: 0.625514
AUPRC: 0.064521
F1: 0.000000
accuracy: 0.964844
SHD: 144
runtime_sec: 0.609117
threshold: 0.0361747741699
