sample_id: sample_00273
dataset: simulated_fMRI
mode: latent
AUROC: 0.599096
AUPRC: 0.078187
F1: 0.000000
accuracy: 0.964844
SHD: 144
runtime_sec: 0.478480
threshold: 0.0361747741699
