sample_id: sample_00246
dataset: simulated_EEG_68_static_v2
mode: latent
AUROC: 0.790345
AUPRC: 0.234434
F1: 0.000000
accuracy: 0.924072
SHD: 311
runtime_sec: 67.408112
threshold: 0.502428174019
