sample_id: sample_00266
dataset: simulated_EEG_68_static_v2
mode: latent
AUROC: 0.522003
AUPRC: 0.077578
F1: 0.000000
accuracy: 0.924072
SHD: 311
runtime_sec: 58.643704
threshold: 300
