sample_id: sample_00271
dataset: simulated_EEG_68_static_v2
mode: latent
AUROC: 0.520332
AUPRC: 0.080209
F1: 0.000000
accuracy: 0.924072
SHD: 311
runtime_sec: 56.112838
threshold: 300
