sample_id: sample_00262
dataset: simulated_EEG_68_static_v2
mode: latent
AUROC: 0.784742
AUPRC: 0.239083
F1: 0.000000
accuracy: 0.924072
SHD: 311
runtime_sec: 67.243383
threshold: 0.502428174019
