sample_id: sample_00281
dataset: simulated_fMRI
mode: latent
AUROC: 0.615543
AUPRC: 0.078485
F1: 0.000000
accuracy: 0.964844
SHD: 144
runtime_sec: 0.479414
threshold: 0.0361747741699
