sample_id: sample_00253
dataset: simulated_fMRI
mode: latent
AUROC: 0.639019
AUPRC: 0.081430
F1: 0.000000
accuracy: 0.964844
SHD: 144
runtime_sec: 0.543270
threshold: 0.0361747741699
