sample_id: sample_00260
dataset: simulated_fMRI
mode: latent
AUROC: 0.665322
AUPRC: 0.090455
F1: 0.000000
accuracy: 0.964844
SHD: 144
runtime_sec: 0.544793
threshold: 0.0361747741699
