sample_id: sample_00255
dataset: simulated_EEG_68_static_v2
mode: latent
AUROC: 0.545986
AUPRC: 0.110560
F1: 0.000000
accuracy: 0.924072
SHD: 311
runtime_sec: 1.561344
threshold: 0.0532341003418
