sample_id: sample_00296
dataset: simulated_fMRI
mode: latent
AUROC: 0.659282
AUPRC: 0.083309
F1: 0.000000
accuracy: 0.964844
SHD: 144
runtime_sec: 0.475737
threshold: 0.0361747741699
