sample_id: sample_00242
dataset: simulated_EEG_68_static_v2
mode: latent
AUROC: 0.781845
AUPRC: 0.238397
F1: 0.000000
accuracy: 0.924072
SHD: 311
runtime_sec: 67.074075
threshold: 0.502428174019
