sample_id: replica_001
dataset: nc8
mode: latent
AUROC: 0.878788
AUPRC: 0.416667
F1: 0.400000
accuracy: 0.916667
SHD: 3
runtime_sec: 105.786378
threshold: 15.553706646
