sample_id: sample_00256
dataset: simulated_EEG_68_static_v2
mode: latent
AUROC: 0.525113
AUPRC: 0.081927
F1: 0.000000
accuracy: 0.924072
SHD: 311
runtime_sec: 55.713843
threshold: 300
