sample_id: sample_00282
dataset: simulated_fMRI
mode: latent
AUROC: 0.732023
AUPRC: 0.101805
F1: 0.000000
accuracy: 0.964844
SHD: 144
runtime_sec: 10.250473
threshold: 0.399649947882
