sample_id: sample_00252
dataset: simulated_EEG_68_static_v2
mode: latent
AUROC: 0.776000
AUPRC: 0.231485
F1: 0.000000
accuracy: 0.924072
SHD: 311
runtime_sec: 67.265863
threshold: 0.502428174019
