sample_id: sample_00256
dataset: simulated_EEG_68_static_v2
mode: latent
AUROC: 0.806117
AUPRC: 0.267735
F1: 0.000000
accuracy: 0.924072
SHD: 311
runtime_sec: 67.521372
threshold: 0.502428174019
