sample_id: sample_00251
dataset: simulated_fMRI
mode: latent
AUROC: 0.756199
AUPRC: 0.113630
F1: 0.000000
accuracy: 0.964844
SHD: 144
runtime_sec: 10.443571
threshold: 0.399649947882
