sample_id: sample_00252
dataset: simulated_EEG_68_static_v2
mode: latent
AUROC: 0.525873
AUPRC: 0.078922
F1: 0.000000
accuracy: 0.924072
SHD: 311
runtime_sec: 57.609900
threshold: 300
