sample_id: sample_00270
dataset: simulated_fMRI
mode: latent
AUROC: 0.760895
AUPRC: 0.103365
F1: 0.000000
accuracy: 0.964844
SHD: 144
runtime_sec: 10.488906
threshold: 0.399649947882
