sample_id: sample_00278
dataset: simulated_EEG_68_static_v2
mode: latent
AUROC: 0.493285
AUPRC: 0.074609
F1: 0.000000
accuracy: 0.924072
SHD: 311
runtime_sec: 59.495156
threshold: 300
