sample_id: sample_00269
dataset: simulated_fMRI
mode: latent
AUROC: 0.669892
AUPRC: 0.083322
F1: 0.000000
accuracy: 0.964844
SHD: 144
runtime_sec: 0.507343
threshold: 0.0361747741699
