sample_id: sample_00298
dataset: simulated_fMRI
mode: latent
AUROC: 0.612119
AUPRC: 0.061877
F1: 0.000000
accuracy: 0.964844
SHD: 144
runtime_sec: 0.475589
threshold: 0.0361747741699
