sample_id: sample_00294
dataset: simulated_fMRI
mode: latent
AUROC: 0.635803
AUPRC: 0.073810
F1: 0.000000
accuracy: 0.964844
SHD: 144
runtime_sec: 0.491329
threshold: 0.0361747741699
