sample_id: sample_00279
dataset: simulated_EEG_68_static_v2
mode: latent
AUROC: 0.531596
AUPRC: 0.082379
F1: 0.000000
accuracy: 0.924072
SHD: 311
runtime_sec: 55.742544
threshold: 300
