sample_id: sample_00291
dataset: simulated_fMRI
mode: latent
AUROC: 0.779448
AUPRC: 0.112536
F1: 0.000000
accuracy: 0.964844
SHD: 144
runtime_sec: 10.401324
threshold: 0.399649947882
