sample_id: sample_00257
dataset: simulated_EEG_68_static_v2
mode: latent
AUROC: 0.559661
AUPRC: 0.086543
F1: 0.000000
accuracy: 0.924072
SHD: 311
runtime_sec: 54.510603
threshold: 300
