sample_id: sample_00259
dataset: simulated_EEG_68_static_v2
mode: latent
AUROC: 0.793387
AUPRC: 0.244591
F1: 0.000000
accuracy: 0.924072
SHD: 311
runtime_sec: 67.348857
threshold: 0.502428174019
