sample_id: sample_00249
dataset: simulated_EEG_68_static_v2
mode: latent
AUROC: 0.798970
AUPRC: 0.263552
F1: 0.000000
accuracy: 0.924072
SHD: 311
runtime_sec: 67.238679
threshold: 0.502428174019
