sample_id: sample_00281
dataset: simulated_fMRI
mode: latent
AUROC: 0.754100
AUPRC: 0.130921
F1: 0.000000
accuracy: 0.964844
SHD: 144
runtime_sec: 10.482685
threshold: 0.399649947882
