sample_id: sample_00249
dataset: simulated_EEG_68_static_v2
mode: latent
AUROC: 0.519091
AUPRC: 0.079987
F1: 0.000000
accuracy: 0.924072
SHD: 311
runtime_sec: 57.014211
threshold: 300
