sample_id: sample_00276
dataset: simulated_fMRI
mode: latent
AUROC: 0.730310
AUPRC: 0.101841
F1: 0.000000
accuracy: 0.964844
SHD: 144
runtime_sec: 10.239277
threshold: 0.399649947882
