sample_id: sample_00240
dataset: simulated_EEG_68_static_v2
mode: latent
AUROC: 0.773447
AUPRC: 0.246094
F1: 0.000000
accuracy: 0.924072
SHD: 311
runtime_sec: 174.460006
threshold: 1.16333138943
