sample_id: sample_00254
dataset: simulated_fMRI
mode: latent
AUROC: 0.762702
AUPRC: 0.109490
F1: 0.000000
accuracy: 0.964844
SHD: 144
runtime_sec: 12.296189
threshold: 0.399649947882
