sample_id: sample_00269
dataset: simulated_EEG_68_static_v2
mode: latent
AUROC: 0.550182
AUPRC: 0.084648
F1: 0.000000
accuracy: 0.924072
SHD: 311
runtime_sec: 56.436984
threshold: 300
