sample_id: sample_00256
dataset: simulated_EEG_68_static_v2
mode: latent
AUROC: 0.557142
AUPRC: 0.124824
F1: 0.000000
accuracy: 0.924072
SHD: 311
runtime_sec: 1.550468
threshold: 0.0532341003418
