sample_id: sample_00250
dataset: simulated_EEG_68_static_v2
mode: latent
AUROC: 0.797157
AUPRC: 0.259970
F1: 0.000000
accuracy: 0.924072
SHD: 311
runtime_sec: 67.191378
threshold: 0.502428174019
