sample_id: sample_00259
dataset: simulated_fMRI
mode: latent
AUROC: 0.606892
AUPRC: 0.084645
F1: 0.000000
accuracy: 0.964844
SHD: 144
runtime_sec: 0.522328
threshold: 0.0361747741699
