sample_id: sample_00296
dataset: simulated_fMRI
mode: latent
AUROC: 0.752681
AUPRC: 0.115532
F1: 0.000000
accuracy: 0.964844
SHD: 144
runtime_sec: 10.413247
threshold: 0.399649947882
