sample_id: sample_00298
dataset: simulated_fMRI
mode: latent
AUROC: 0.762501
AUPRC: 0.103137
F1: 0.000000
accuracy: 0.964844
SHD: 144
runtime_sec: 10.241804
threshold: 0.399649947882
