sample_id: sample_00261
dataset: simulated_EEG_68_static_v2
mode: latent
AUROC: 0.802891
AUPRC: 0.265390
F1: 0.000000
accuracy: 0.924072
SHD: 311
runtime_sec: 67.515313
threshold: 0.502428174019
