sample_id: sample_00255
dataset: simulated_fMRI
mode: latent
AUROC: 0.628255
AUPRC: 0.070015
F1: 0.000000
accuracy: 0.964844
SHD: 144
runtime_sec: 0.593315
threshold: 0.0361747741699
