sample_id: sample_00247
dataset: simulated_EEG_68_static_v2
mode: latent
AUROC: 0.789439
AUPRC: 0.244529
F1: 0.000000
accuracy: 0.924072
SHD: 311
runtime_sec: 67.112885
threshold: 0.502428174019
