sample_id: sample_00264
dataset: simulated_EEG_68_static_v2
mode: latent
AUROC: 0.559612
AUPRC: 0.127150
F1: 0.000000
accuracy: 0.924072
SHD: 311
runtime_sec: 1.513803
threshold: 0.0532341003418
