sample_id: sample_00260
dataset: simulated_EEG_68_static_v2
mode: latent
AUROC: 0.793870
AUPRC: 0.250002
F1: 0.000000
accuracy: 0.924072
SHD: 311
runtime_sec: 67.269770
threshold: 0.502428174019
