sample_id: sample_00278
dataset: simulated_EEG_68_static_v2
mode: latent
AUROC: 0.549883
AUPRC: 0.111552
F1: 0.000000
accuracy: 0.924072
SHD: 311
runtime_sec: 1.509769
threshold: 0.0532341003418
