sample_id: sample_00295
dataset: simulated_fMRI
mode: latent
AUROC: 0.742585
AUPRC: 0.120662
F1: 0.000000
accuracy: 0.964844
SHD: 144
runtime_sec: 10.254470
threshold: 0.399649947882
