sample_id: sample_00257
dataset: simulated_fMRI
mode: latent
AUROC: 0.738397
AUPRC: 0.105918
F1: 0.000000
accuracy: 0.964844
SHD: 144
runtime_sec: 10.284265
threshold: 0.399649947882
