sample_id: replica_003
dataset: nc8
mode: latent
AUROC: 0.838384
AUPRC: 0.266667
F1: 0.000000
accuracy: 0.916667
SHD: 3
runtime_sec: 156.793259
threshold: 0.852483212948
