sample_id: sample_00288
dataset: simulated_fMRI
mode: latent
AUROC: 0.605220
AUPRC: 0.060682
F1: 0.000000
accuracy: 0.964844
SHD: 144
runtime_sec: 0.476158
threshold: 0.0361747741699
