sample_id: sample_00245
dataset: simulated_EEG_68_static_v2
mode: latent
AUROC: 0.508760
AUPRC: 0.077524
F1: 0.000000
accuracy: 0.924072
SHD: 311
runtime_sec: 58.401860
threshold: 300
