sample_id: sample_00276
dataset: simulated_fMRI
mode: latent
AUROC: 0.605093
AUPRC: 0.077906
F1: 0.000000
accuracy: 0.964844
SHD: 144
runtime_sec: 0.463786
threshold: 0.0361747741699
