sample_id: sample_00278
dataset: simulated_EEG_68_static_v2
mode: latent
AUROC: 0.775953
AUPRC: 0.232883
F1: 0.000000
accuracy: 0.924072
SHD: 311
runtime_sec: 67.167490
threshold: 0.502428174019
