sample_id: sample_00260
dataset: simulated_EEG_68_static_v2
mode: latent
AUROC: 0.531359
AUPRC: 0.087185
F1: 0.000000
accuracy: 0.924072
SHD: 311
runtime_sec: 59.530981
threshold: 300
