sample_id: sample_00269
dataset: simulated_fMRI
mode: latent
AUROC: 0.770719
AUPRC: 0.113925
F1: 0.000000
accuracy: 0.964844
SHD: 144
runtime_sec: 10.226654
threshold: 0.399649947882
