sample_id: sample_00255
dataset: simulated_EEG_68_static_v2
mode: latent
AUROC: 0.491973
AUPRC: 0.073153
F1: 0.000000
accuracy: 0.924072
SHD: 311
runtime_sec: 59.866469
threshold: 300
