sample_id: sample_00268
dataset: simulated_EEG_68_static_v2
mode: latent
AUROC: 0.510323
AUPRC: 0.080939
F1: 0.000000
accuracy: 0.924072
SHD: 311
runtime_sec: 56.218247
threshold: 300
