sample_id: sample_00282
dataset: simulated_fMRI
mode: latent
AUROC: 0.638257
AUPRC: 0.083762
F1: 0.000000
accuracy: 0.964844
SHD: 144
runtime_sec: 0.492117
threshold: 0.0361747741699
