sample_id: replica_001
dataset: nc8
mode: latent
AUROC: 0.959596
AUPRC: 0.809524
F1: 0.800000
accuracy: 0.972222
SHD: 1
runtime_sec: 11.994721
threshold: 1.82443243265
