sample_id: sample_00267
dataset: simulated_EEG_68_static_v2
mode: latent
AUROC: 0.525922
AUPRC: 0.118314
F1: 0.000000
accuracy: 0.924072
SHD: 311
runtime_sec: 1.512673
threshold: 0.0532341003418
