sample_id: sample_00268
dataset: simulated_EEG_68_static_v2
mode: latent
AUROC: 0.549545
AUPRC: 0.126985
F1: 0.000000
accuracy: 0.924072
SHD: 311
runtime_sec: 1.507516
threshold: 0.0532341003418
