sample_id: sample_00258
dataset: simulated_EEG_68_static_v2
mode: latent
AUROC: 0.792688
AUPRC: 0.258613
F1: 0.000000
accuracy: 0.924072
SHD: 311
runtime_sec: 67.230023
threshold: 0.502428174019
