sample_id: sample_00274
dataset: simulated_fMRI
mode: latent
AUROC: 0.607958
AUPRC: 0.074746
F1: 0.000000
accuracy: 0.964844
SHD: 144
runtime_sec: 0.501522
threshold: 0.0361747741699
