sample_id: replica_004
dataset: nc8
mode: latent
AUROC: 0.797980
AUPRC: 0.224074
F1: 0.000000
accuracy: 0.916667
SHD: 3
runtime_sec: 156.706031
threshold: 0.852483212948
