sample_id: sample_00241
dataset: simulated_EEG_68_static_v2
mode: latent
AUROC: 0.560338
AUPRC: 0.124466
F1: 0.000000
accuracy: 0.924072
SHD: 311
runtime_sec: 1.503241
threshold: 0.0532341003418
