sample_id: sample_00297
dataset: simulated_fMRI
mode: latent
AUROC: 0.766036
AUPRC: 0.120733
F1: 0.000000
accuracy: 0.964844
SHD: 144
runtime_sec: 10.200836
threshold: 0.399649947882
