sample_id: sample_00258
dataset: simulated_fMRI
mode: latent
AUROC: 0.628755
AUPRC: 0.062373
F1: 0.000000
accuracy: 0.964844
SHD: 144
runtime_sec: 0.529011
threshold: 0.0361747741699
