sample_id: sample_00255
dataset: simulated_EEG_68_static_v2
mode: latent
AUROC: 0.782221
AUPRC: 0.240097
F1: 0.000000
accuracy: 0.924072
SHD: 311
runtime_sec: 67.254656
threshold: 0.502428174019
