sample_id: sample_00242
dataset: simulated_EEG_68_static_v2
mode: latent
AUROC: 0.528594
AUPRC: 0.080262
F1: 0.000000
accuracy: 0.924072
SHD: 311
runtime_sec: 57.023640
threshold: 300
