sample_id: replica_004
dataset: nc8
mode: latent
AUROC: 0.904040
AUPRC: 0.425000
F1: 0.000000
accuracy: 0.916667
SHD: 3
runtime_sec: 2.458674
threshold: 300
