sample_id: sample_00267
dataset: simulated_fMRI
mode: latent
AUROC: 0.656274
AUPRC: 0.089657
F1: 0.000000
accuracy: 0.964844
SHD: 144
runtime_sec: 0.563899
threshold: 0.0361747741699
