sample_id: sample_00284
dataset: simulated_fMRI
mode: latent
AUROC: 0.730289
AUPRC: 0.109359
F1: 0.000000
accuracy: 0.964844
SHD: 144
runtime_sec: 10.249555
threshold: 0.399649947882
