sample_id: sample_00278
dataset: simulated_fMRI
mode: latent
AUROC: 0.717986
AUPRC: 0.093921
F1: 0.000000
accuracy: 0.964844
SHD: 144
runtime_sec: 10.161796
threshold: 0.399649947882
