sample_id: sample_00270
dataset: simulated_EEG_68_static_v2
mode: latent
AUROC: 0.515056
AUPRC: 0.082566
F1: 0.000000
accuracy: 0.924072
SHD: 311
runtime_sec: 56.766813
threshold: 300
