sample_id: sample_00260
dataset: simulated_EEG_68_static_v2
mode: latent
AUROC: 0.550834
AUPRC: 0.116817
F1: 0.000000
accuracy: 0.924072
SHD: 311
runtime_sec: 1.508852
threshold: 0.0532341003418
