sample_id: sample_00258
dataset: simulated_fMRI
mode: latent
AUROC: 0.763549
AUPRC: 0.110173
F1: 0.000000
accuracy: 0.964844
SHD: 144
runtime_sec: 10.256928
threshold: 0.399649947882
