sample_id: sample_00250
dataset: simulated_EEG_68_static_v2
mode: latent
AUROC: 0.546266
AUPRC: 0.124590
F1: 0.000000
accuracy: 0.924072
SHD: 311
runtime_sec: 1.550880
threshold: 0.0532341003418
