sample_id: sample_00245
dataset: simulated_EEG_68_static_v2
mode: latent
AUROC: 0.791521
AUPRC: 0.255816
F1: 0.000000
accuracy: 0.924072
SHD: 311
runtime_sec: 67.247107
threshold: 0.502428174019
