sample_id: replica_002
dataset: nc8
mode: latent
AUROC: 0.828283
AUPRC: 0.483333
F1: 0.000000
accuracy: 0.916667
SHD: 3
runtime_sec: 157.355518
threshold: 0.852483212948
