sample_id: sample_00257
dataset: simulated_fMRI
mode: latent
AUROC: 0.631134
AUPRC: 0.068842
F1: 0.000000
accuracy: 0.964844
SHD: 144
runtime_sec: 0.539632
threshold: 0.0361747741699
