sample_id: sample_00247
dataset: simulated_EEG_68_static_v2
mode: latent
AUROC: 0.566154
AUPRC: 0.133325
F1: 0.000000
accuracy: 0.924072
SHD: 311
runtime_sec: 1.531663
threshold: 0.0532341003418
