sample_id: sample_00273
dataset: simulated_EEG_68_static_v2
mode: latent
AUROC: 0.544987
AUPRC: 0.083386
F1: 0.000000
accuracy: 0.924072
SHD: 311
runtime_sec: 56.641941
threshold: 300
