sample_id: sample_00274
dataset: simulated_fMRI
mode: latent
AUROC: 0.757351
AUPRC: 0.122929
F1: 0.000000
accuracy: 0.964844
SHD: 144
runtime_sec: 10.304692
threshold: 0.399649947882
