sample_id: replica_003
dataset: nc8
mode: latent
AUROC: 0.959596
AUPRC: 0.722222
F1: 0.500000
accuracy: 0.944444
SHD: 2
runtime_sec: 104.461905
threshold: 15.553706646
