sample_id: sample_00260
dataset: simulated_fMRI
mode: latent
AUROC: 0.728304
AUPRC: 0.097371
F1: 0.000000
accuracy: 0.964844
SHD: 144
runtime_sec: 10.216262
threshold: 0.399649947882
