sample_id: sample_00273
dataset: simulated_EEG_68_static_v2
mode: latent
AUROC: 0.785816
AUPRC: 0.252819
F1: 0.000000
accuracy: 0.924072
SHD: 311
runtime_sec: 67.230251
threshold: 0.502428174019
