sample_id: sample_00268
dataset: simulated_fMRI
mode: latent
AUROC: 0.746968
AUPRC: 0.106129
F1: 0.000000
accuracy: 0.964844
SHD: 144
runtime_sec: 10.211939
threshold: 0.399649947882
