sample_id: replica_000
dataset: nc8
mode: latent
AUROC: 0.934343
AUPRC: 0.680556
F1: 0.000000
accuracy: 0.916667
SHD: 3
runtime_sec: 2.654467
threshold: 300
