sample_id: sample_00284
dataset: simulated_fMRI
mode: latent
AUROC: 0.595989
AUPRC: 0.068603
F1: 0.000000
accuracy: 0.964844
SHD: 144
runtime_sec: 0.474607
threshold: 0.0361747741699
