sample_id: sample_00276
dataset: simulated_EEG_68_static_v2
mode: latent
AUROC: 0.555781
AUPRC: 0.086232
F1: 0.000000
accuracy: 0.924072
SHD: 311
runtime_sec: 55.255962
threshold: 300
