sample_id: sample_00292
dataset: simulated_fMRI
mode: latent
AUROC: 0.599562
AUPRC: 0.060234
F1: 0.000000
accuracy: 0.964844
SHD: 144
runtime_sec: 0.475602
threshold: 0.0361747741699
