sample_id: sample_00254
dataset: simulated_EEG_68_static_v2
mode: latent
AUROC: 0.519237
AUPRC: 0.080194
F1: 0.000000
accuracy: 0.924072
SHD: 311
runtime_sec: 56.110356
threshold: 300
