sample_id: sample_00283
dataset: simulated_fMRI
mode: latent
AUROC: 0.756110
AUPRC: 0.107594
F1: 0.000000
accuracy: 0.964844
SHD: 144
runtime_sec: 10.270555
threshold: 0.399649947882
