sample_id: sample_00261
dataset: simulated_fMRI
mode: latent
AUROC: 0.740545
AUPRC: 0.097693
F1: 0.000000
accuracy: 0.964844
SHD: 144
runtime_sec: 10.445818
threshold: 0.399649947882
