sample_id: sample_00249
dataset: simulated_EEG_68_static_v2
mode: latent
AUROC: 0.567841
AUPRC: 0.128486
F1: 0.000000
accuracy: 0.924072
SHD: 311
runtime_sec: 1.513450
threshold: 0.0532341003418
