sample_id: sample_00270
dataset: simulated_EEG_68_static_v2
mode: latent
AUROC: 0.551218
AUPRC: 0.120630
F1: 0.000000
accuracy: 0.924072
SHD: 311
runtime_sec: 1.503473
threshold: 0.0532341003418
