sample_id: sample_00244
dataset: simulated_EEG_68_static_v2
mode: latent
AUROC: 0.807992
AUPRC: 0.259664
F1: 0.000000
accuracy: 0.924072
SHD: 311
runtime_sec: 67.138441
threshold: 0.502428174019
