sample_id: sample_00274
dataset: simulated_EEG_68_static_v2
mode: latent
AUROC: 0.518696
AUPRC: 0.081107
F1: 0.000000
accuracy: 0.924072
SHD: 311
runtime_sec: 54.203985
threshold: 300
