sample_id: sample_00286
dataset: simulated_fMRI
mode: latent
AUROC: 0.625496
AUPRC: 0.078795
F1: 0.000000
accuracy: 0.964844
SHD: 144
runtime_sec: 0.483563
threshold: 0.0361747741699
