sample_id: replica_001
dataset: nc8
mode: latent
AUROC: 0.893939
AUPRC: 0.411111
F1: 0.000000
accuracy: 0.916667
SHD: 3
runtime_sec: 2.543763
threshold: 300
