sample_id: sample_00259
dataset: simulated_EEG_68_static_v2
mode: latent
AUROC: 0.550937
AUPRC: 0.124943
F1: 0.000000
accuracy: 0.924072
SHD: 311
runtime_sec: 1.505664
threshold: 0.0532341003418
