sample_id: sample_00272
dataset: simulated_EEG_68_static_v2
mode: latent
AUROC: 0.781843
AUPRC: 0.237766
F1: 0.000000
accuracy: 0.924072
SHD: 311
runtime_sec: 67.043738
threshold: 0.502428174019
