sample_id: sample_00259
dataset: simulated_fMRI
mode: latent
AUROC: 0.762377
AUPRC: 0.112395
F1: 0.000000
accuracy: 0.964844
SHD: 144
runtime_sec: 10.211188
threshold: 0.399649947882
