sample_id: sample_00287
dataset: simulated_fMRI
mode: latent
AUROC: 0.643908
AUPRC: 0.068065
F1: 0.000000
accuracy: 0.964844
SHD: 144
runtime_sec: 0.474006
threshold: 0.0361747741699
