sample_id: sample_00252
dataset: simulated_fMRI
mode: latent
AUROC: 0.751721
AUPRC: 0.110566
F1: 0.000000
accuracy: 0.964844
SHD: 144
runtime_sec: 10.189778
threshold: 0.399649947882
