sample_id: sample_00240
dataset: simulated_EEG_68_static_v2
mode: latent
AUROC: 0.526905
AUPRC: 0.082730
F1: 0.000000
accuracy: 0.924072
SHD: 311
runtime_sec: 57.390443
threshold: 300
