sample_id: sample_00256
dataset: simulated_fMRI
mode: latent
AUROC: 0.729351
AUPRC: 0.100209
F1: 0.000000
accuracy: 0.964844
SHD: 144
runtime_sec: 10.470196
threshold: 0.399649947882
