sample_id: sample_00270
dataset: simulated_fMRI
mode: latent
AUROC: 0.633283
AUPRC: 0.073779
F1: 0.000000
accuracy: 0.964844
SHD: 144
runtime_sec: 0.511835
threshold: 0.0361747741699
