sample_id: sample_00277
dataset: simulated_EEG_68_static_v2
mode: latent
AUROC: 0.523588
AUPRC: 0.081975
F1: 0.000000
accuracy: 0.924072
SHD: 311
runtime_sec: 58.055793
threshold: 300
