sample_id: replica_004
dataset: nc8
mode: latent
AUROC: 0.929293
AUPRC: 0.513889
F1: 0.666667
accuracy: 0.944444
SHD: 2
runtime_sec: 104.594586
threshold: 15.553706646
