sample_id: sample_00287
dataset: simulated_fMRI
mode: latent
AUROC: 0.757436
AUPRC: 0.115041
F1: 0.000000
accuracy: 0.964844
SHD: 144
runtime_sec: 10.229608
threshold: 0.399649947882
