sample_id: sample_00248
dataset: simulated_EEG_68_static_v2
mode: latent
AUROC: 0.779674
AUPRC: 0.238294
F1: 0.000000
accuracy: 0.924072
SHD: 311
runtime_sec: 67.240654
threshold: 0.502428174019
