sample_id: sample_00262
dataset: simulated_EEG_68_static_v2
mode: latent
AUROC: 0.539540
AUPRC: 0.083163
F1: 0.000000
accuracy: 0.924072
SHD: 311
runtime_sec: 56.396431
threshold: 300
