sample_id: sample_00263
dataset: simulated_fMRI
mode: latent
AUROC: 0.679080
AUPRC: 0.085972
F1: 0.000000
accuracy: 0.964844
SHD: 144
runtime_sec: 0.546014
threshold: 0.0361747741699
