sample_id: replica_002
dataset: nc8
mode: latent
AUROC: 0.898990
AUPRC: 0.359524
F1: 0.000000
accuracy: 0.888889
SHD: 4
runtime_sec: 12.018217
threshold: 1.82443243265
