sample_id: sample_00250
dataset: simulated_EEG_68_static_v2
mode: latent
AUROC: 0.500812
AUPRC: 0.073868
F1: 0.000000
accuracy: 0.924072
SHD: 311
runtime_sec: 59.529427
threshold: 300
