sample_id: sample_00289
dataset: simulated_fMRI
mode: latent
AUROC: 0.623976
AUPRC: 0.077559
F1: 0.000000
accuracy: 0.964844
SHD: 144
runtime_sec: 0.473998
threshold: 0.0361747741699
