sample_id: sample_00292
dataset: simulated_fMRI
mode: latent
AUROC: 0.758052
AUPRC: 0.108252
F1: 0.000000
accuracy: 0.964844
SHD: 144
runtime_sec: 10.175126
threshold: 0.399649947882
