sample_id: sample_00277
dataset: simulated_EEG_68_static_v2
mode: latent
AUROC: 0.769943
AUPRC: 0.230165
F1: 0.000000
accuracy: 0.924072
SHD: 311
runtime_sec: 67.415045
threshold: 0.502428174019
