sample_id: replica_003
dataset: nc8
mode: latent
AUROC: 0.959596
AUPRC: 0.588889
F1: 0.666667
accuracy: 0.944444
SHD: 2
runtime_sec: 1539.379064
threshold: 0.0381723828614
