sample_id: sample_00291
dataset: simulated_fMRI
mode: latent
AUROC: 0.599665
AUPRC: 0.072565
F1: 0.000000
accuracy: 0.964844
SHD: 144
runtime_sec: 0.487899
threshold: 0.0361747741699
