sample_id: sample_00271
dataset: simulated_EEG_68_static_v2
mode: latent
AUROC: 0.808196
AUPRC: 0.257946
F1: 0.000000
accuracy: 0.924072
SHD: 311
runtime_sec: 67.385560
threshold: 0.502428174019
