sample_id: sample_00242
dataset: simulated_EEG_68_static_v2
mode: latent
AUROC: 0.557021
AUPRC: 0.116596
F1: 0.000000
accuracy: 0.924072
SHD: 311
runtime_sec: 1.504767
threshold: 0.0532341003418
