sample_id: sample_00251
dataset: simulated_EEG_68_static_v2
mode: latent
AUROC: 0.508122
AUPRC: 0.076974
F1: 0.000000
accuracy: 0.924072
SHD: 311
runtime_sec: 57.756722
threshold: 300
