sample_id: sample_00247
dataset: simulated_EEG_68_static_v2
mode: latent
AUROC: 0.508984
AUPRC: 0.076553
F1: 0.000000
accuracy: 0.924072
SHD: 311
runtime_sec: 56.591625
threshold: 300
