sample_id: sample_00246
dataset: simulated_EEG_68_static_v2
mode: latent
AUROC: 0.548453
AUPRC: 0.092806
F1: 0.000000
accuracy: 0.924072
SHD: 311
runtime_sec: 55.104603
threshold: 300
