sample_id: sample_00263
dataset: simulated_EEG_68_static_v2
mode: latent
AUROC: 0.792398
AUPRC: 0.247819
F1: 0.000000
accuracy: 0.924072
SHD: 311
runtime_sec: 67.189597
threshold: 0.502428174019
