sample_id: sample_00277
dataset: simulated_fMRI
mode: latent
AUROC: 0.605268
AUPRC: 0.066156
F1: 0.000000
accuracy: 0.964844
SHD: 144
runtime_sec: 0.480847
threshold: 0.0361747741699
