sample_id: sample_00254
dataset: simulated_EEG_68_static_v2
mode: latent
AUROC: 0.794013
AUPRC: 0.246225
F1: 0.000000
accuracy: 0.924072
SHD: 311
runtime_sec: 67.119578
threshold: 0.502428174019
