sample_id: sample_00279
dataset: simulated_EEG_68_static_v2
mode: latent
AUROC: 0.558326
AUPRC: 0.125697
F1: 0.000000
accuracy: 0.924072
SHD: 311
runtime_sec: 1.502005
threshold: 0.0532341003418
