sample_id: sample_00261
dataset: simulated_fMRI
mode: latent
AUROC: 0.666323
AUPRC: 0.077195
F1: 0.000000
accuracy: 0.964844
SHD: 144
runtime_sec: 0.517036
threshold: 0.0361747741699
