sample_id: sample_00267
dataset: simulated_EEG_68_static_v2
mode: latent
AUROC: 0.776583
AUPRC: 0.230471
F1: 0.000000
accuracy: 0.924072
SHD: 311
runtime_sec: 67.181353
threshold: 0.502428174019
